a=[6 9 3;2 7 5];
b=[2 4 ;4 6 ];
a*b;